
[blue-sky.jpg]
filters=finetune2=1,0.000000,0.031372,0.000000,00758084,0.707602;radsat=1,0.500000,0.500000,0.426901,0.000000;radblur=1,0.500000,0.500000,-0.064327,-0.789474;
moddate=00718e7df33dd201
width=2560
height=1600
